3 1 2 61
4 2 3 4 61
4 61 4 59 60
4 59 4 57 54
4 4 5 58 57
7 5 6 7 55 56 57 58
4 22 54 56 55
8 7 22 23 21 19 20 9 8
5 22 23 53 46 52
7 59 54 46 67 66 65 64 
4 22 54 46 52
9 20 9 10 15 16 28 17 18 19
9 23 21 19 18 17 27 26 25 24
7 10 11 12 14 13 104 15
5 15 104 31 32 30
6 15 30 29 34 28 16
5 30 33 36 34 29
5 27 28 34 38 26
5 26 40 41 42 43
7 53 47 46 44 43 45 46
5 44 49 50 47 48
6 23 53 47 50 51 105
4 106 42 41 68
8 46 106 68 41 69 107 66 67
6 108 59 64 110 109 62
4 109 60 108 62
4 110 107 66 111
4 107 70 63 62
5 63 70 78 77 76
5 107 70 74 71 69
3 69 41 71
3 41 71 73
3 73 41 72
3 72 41 40
5 73 72 40 39 84
6 84 39 40 26 38 87
4 87 38 85 86
4 86 85 38 34
3 86 34 37
4 86 103 99 88
3 88 87 86
5 88 83 73 84 87
4 83 88 98 89
4 83 73 82 89
4 73 71 74 82
3 74 70 75
4 70 78 93 79
3 79 93 92
3 93 92 94
5 75 70 79 92 80
5 75 80 91 81 74
4 74 81 90 82
4 81 91 96 90
4 80 92 95 91
4 82 90 97 89
3 102 101 100