4.9 8.2
4.65 7.55
4.9 6.35
5.55 6
6.45 5.7
6.6 5.5
7 5.5
7.45 4.8
7.95 4.65
9.3 4.3
10.65 4.15
12.05 4.4
12.4 4.65
11.75 4.45
10.7 4.7
10.2 4.7
9.6 4.9
9.8 5.1
8.35 5
7.71 5.05
7.95 5.3
7.75 6
8.1 5.9
8.35 5.6
9.25 5.6
9.9 5.9
10.8 5.55
11.5 5.8
12.1 5.35
12.5 5.3
12.9 5.1
13.65 5.9
13.3 5.8
13.2 6.5
14 7.55
14.1 7.8
13.95 7.55
12.5 6.5
12 7.35
10.65 6.45
10.05 6.9
9.1 6.7
9.65 6
9.3 5.85
9 6.55
8.25 6.7
8.15 6.2
9 6.3
8.9 5.35
8.5 6.15
8.25 6
7.75 6.4
8.12 6.2
7.45 6.5
7.4 6
6.9 5.9
6.65 6.15
6.6 5.9
6.9 7.5
6 7
5.05 7.5
7 7.9
8.2 8.1
8 7.3
8.9 7.3
9.2 7.75
9.05 7.2
9.05 7.05
9.65 8.4
9.55 9.2
10.45 8.9
11.6 8.4
11.58 9.4
10.95 10.3
9.45 10.8
8.65 9.25
8.3 10.8
8.5 11
9.1 11.1
9.7 12
10.55 11.9
11.75 11.5
12.75 11
12.5 9.7
13.55 9
14.05 9.4
13.25 10.65
12.75 12.9
11.9 13.6
10.9 13.8
9.5 13.9
9 13.71
7.9 12.2
8.5 14.9
8.95 14.52
9.2 15.6
10.75 14.75
11.6 15.2
12.3 14.8
12.45 14.9
14.45 12.55
14.4 11.4
14.4 11.3
12.28 4.7
8.2 5.95
8.6 7.4
8.15 7.7
6.5 7.5
5.5 7.3
8.45 7.5
8.9 7.5